readGroup	quality	quality^2	position	position^2	AA	AC	AG	AT	CA	CC	CG	CT	GA	GC	GG	GT	TA	TC	TG	TT	-A	-C	-G	-T	LL
HWI-ST558:341:C7R9TACXX_BAR31_less99	1.11067	0.0179395	-0.00666032	6.70516e-05	0.651651	2.24262	2.40909	0.873968	0.840709	1.83001	4.06041	0.333037	0.566712	1.52178	2.12695	-0.0412628	1.42603	1.69873	2.19738	0.41948	-0.452992	0.709006	1.02457	0.436009	-1.65678e+08
HWI-ST558:341:C7R9TACXX_BAR31_plus100	0.747467	-0.0155871	-0.00449776	7.77745e-06	0.00438507	1.55392	1.86418	0.422495	0.213966	1.23034	3.63038	-0.364469	0.255839	0.832538	1.60627	-0.780787	0.820975	1.34995	1.78912	-0.117564	-1.8831	-1.12088	-0.710335	-1.2469	-1.65678e+08
HWI-ST558:341:C7R9TACXX_BAR31_UDG_less99	0.928955	0.0011126	0.0265723	-0.000348464	-0.225417	1.25854	1.5511	0.0283245	0.652235	0.784739	3.19467	-0.406043	-0.237278	0.525403	1.25958	-0.82311	0.662523	0.701834	1.36686	-0.439999	-1.39003	-0.8367	-0.0431565	-1.3582	-1.65678e+08
HWI-ST558:341:C7R9TACXX_BAR31_UDG_plus100	0.479906	-0.0408402	-0.00339574	5.76695e-06	-0.506279	0.940924	1.23073	-0.173063	-0.0382686	0.519764	3.01792	-0.861669	-0.357762	0.347598	1.10465	-1.08753	0.180055	0.706629	1.04025	-0.562205	-2.43115	-0.973056	-0.759476	-1.95207	-1.65678e+08
