RG	Approximate_coverage
allReadGroups	3.71003
HWI-ST558:341:C7R9TACXX_BAR31_less99	2.57384
HWI-ST558:341:C7R9TACXX_BAR31_plus100	0.312274
HWI-ST558:341:C7R9TACXX_BAR31_UDG_less99	0.788817
HWI-ST558:341:C7R9TACXX_BAR31_UDG_plus100	0.0351081